[
  {
    "slug": "bosque-luminoso",
    "name": "Bosque Luminoso",
    "area": 145,
    "bedrooms": 3,
    "rooms": 5,
    "bathrooms": 2,
    "status": "Disponible",
    "location": "Pilar, Buenos Aires",
    "garage": true,
    "images": [
      "https://images.unsplash.com/photo-1505693416388-ac5ce068fe85?auto=format&fit=crop&w=1200&q=80",
      "https://images.unsplash.com/photo-1505691938895-1758d7feb511?auto=format&fit=crop&w=1200&q=80",
      "https://images.unsplash.com/photo-1505691938895-1758d7feb511?auto=format&fit=crop&w=1200&q=80"
    ],
    "description": "Casa luminosa con grandes ventanales orientados al norte y un espacio social integrado al jardín.",
    "features": ["Terraza con parrilla", "Lavadero independiente", "Calefacción por losa radiante"],
    "construction": "Sistema Steel Frame con paneles aislantes, ideal para eficiencia térmica.",
    "highlight": "Ambientes amplios con doble altura en el living principal."
  },
  {
    "slug": "laguna-norte",
    "name": "Laguna Norte",
    "area": 175,
    "bedrooms": 4,
    "rooms": 6,
    "bathrooms": 3,
    "status": "Reservada",
    "location": "Tigre, Buenos Aires",
    "garage": true,
    "images": [
      "https://images.unsplash.com/photo-1505693415763-3ed5e04ba4cd?auto=format&fit=crop&w=1200&q=80",
      "https://images.unsplash.com/photo-1505691938895-1758d7feb511?auto=format&fit=crop&w=1200&q=80",
      "https://images.unsplash.com/photo-1507089947368-19c1da9775ae?auto=format&fit=crop&w=1200&q=80"
    ],
    "description": "Frente a la laguna con muelle propio y orientación oeste para atardeceres panorámicos.",
    "features": ["Piscina climatizada", "Suite principal con balcón", "Escritorio con vista al agua"],
    "construction": "Estructura en seco con revestimientos de madera sustentable.",
    "highlight": "Galería cubierta para reuniones familiares junto a la laguna."
  },
  {
    "slug": "aire-andean",
    "name": "Aire Andean",
    "area": 120,
    "bedrooms": 2,
    "rooms": 4,
    "bathrooms": 2,
    "status": "Disponible",
    "location": "Luján de Cuyo, Mendoza",
    "garage": false,
    "images": [
      "https://images.unsplash.com/photo-1505691938895-1758d7feb511?auto=format&fit=crop&w=1200&q=80",
      "https://images.unsplash.com/photo-1505691938895-1758d7feb511?auto=format&fit=crop&w=1200&q=80",
      "https://images.unsplash.com/photo-1505693416388-ac5ce068fe85?auto=format&fit=crop&w=1200&q=80"
    ],
    "description": "Diseño minimalista que se abre al viñedo, con patio interno y grandes paños de vidrio.",
    "features": ["Fogón exterior", "Riego por goteo", "Paneles solares preinstalados"],
    "construction": "Panelería en seco con terminaciones en piedra natural local.",
    "highlight": "Patio interno que conecta todas las áreas con ventilación cruzada." 
  },
  {
    "slug": "delta-moderna",
    "name": "Delta Moderna",
    "area": 160,
    "bedrooms": 3,
    "rooms": 5,
    "bathrooms": 2,
    "status": "Vendida",
    "location": "San Fernando, Buenos Aires",
    "garage": true,
    "images": [
      "https://images.unsplash.com/photo-1505691938895-1758d7feb511?auto=format&fit=crop&w=1200&q=80",
      "https://images.unsplash.com/photo-1505693416388-ac5ce068fe85?auto=format&fit=crop&w=1200&q=80",
      "https://images.unsplash.com/photo-1507089947368-19c1da9775ae?auto=format&fit=crop&w=1200&q=80"
    ],
    "description": "Inspirada en el Delta, combina madera y hormigón visto con amplias visuales al río.",
    "features": ["Muelles flotantes", "Dormitorio en suite", "Amplio estar-comedor"],
    "construction": "Estructura metálica modular con envolvente de madera tratada.",
    "highlight": "Deck perimetral que envuelve la casa para disfrutar el exterior." 
  },
  {
    "slug": "patagonia-clara",
    "name": "Patagonia Clara",
    "area": 200,
    "bedrooms": 4,
    "rooms": 7,
    "bathrooms": 3,
    "status": "Disponible",
    "location": "San Martín de los Andes, Neuquén",
    "garage": true,
    "images": [
      "https://images.unsplash.com/photo-1505691938895-1758d7feb511?auto=format&fit=crop&w=1200&q=80",
      "https://images.unsplash.com/photo-1507089947368-19c1da9775ae?auto=format&fit=crop&w=1200&q=80",
      "https://images.unsplash.com/photo-1505693415763-3ed5e04ba4cd?auto=format&fit=crop&w=1200&q=80"
    ],
    "description": "Lodge moderno con doble piel de madera y grandes ventanales hacia la cordillera.",
    "features": ["Hogar a leña central", "Sala de cine", "Sótano de guardado"],
    "construction": "Construcción en seco con aislación reforzada para climas fríos.",
    "highlight": "Ventanas de piso a techo con vistas al bosque nevado." 
  },
  {
    "slug": "urbana-liv",
    "name": "Urbana Liv",
    "area": 110,
    "bedrooms": 2,
    "rooms": 4,
    "bathrooms": 2,
    "status": "Disponible",
    "location": "Córdoba Capital",
    "garage": false,
    "images": [
      "https://images.unsplash.com/photo-1507089947368-19c1da9775ae?auto=format&fit=crop&w=1200&q=80",
      "https://images.unsplash.com/photo-1505693416388-ac5ce068fe85?auto=format&fit=crop&w=1200&q=80",
      "https://images.unsplash.com/photo-1505691938895-1758d7feb511?auto=format&fit=crop&w=1200&q=80"
    ],
    "description": "Compacta y eficiente, pensada para lotes urbanos con patio verde y terraza accesible.",
    "features": ["Terraza verde", "Office integrado", "Cocina con isla"],
    "construction": "Paneles en seco con estructura metálica y terminaciones en microcemento.",
    "highlight": "Terraza accesible con quincho liviano y huerta urbana." 
  },
  {
    "slug": "marina-azul",
    "name": "Marina Azul",
    "area": 130,
    "bedrooms": 3,
    "rooms": 5,
    "bathrooms": 2,
    "status": "Reservada",
    "location": "Mar del Plata, Buenos Aires",
    "garage": true,
    "images": [
      "https://images.unsplash.com/photo-1505693415763-3ed5e04ba4cd?auto=format&fit=crop&w=1200&q=80",
      "https://images.unsplash.com/photo-1507089947368-19c1da9775ae?auto=format&fit=crop&w=1200&q=80",
      "https://images.unsplash.com/photo-1505691938895-1758d7feb511?auto=format&fit=crop&w=1200&q=80"
    ],
    "description": "Estilo costero contemporáneo con patios reparados del viento y vistas al mar.",
    "features": ["Patio inglés", "Lavadero oculto", "Balcón aterrazado"],
    "construction": "Sistema en seco con revestimiento cementicio y madera náutica.",
    "highlight": "Escalera esculpida que conecta la doble altura del living." 
  },
  {
    "slug": "campo-sereno",
    "name": "Campo Sereno",
    "area": 155,
    "bedrooms": 3,
    "rooms": 5,
    "bathrooms": 2,
    "status": "Disponible",
    "location": "Cañuelas, Buenos Aires",
    "garage": true,
    "images": [
      "https://images.unsplash.com/photo-1505693416388-ac5ce068fe85?auto=format&fit=crop&w=1200&q=80",
      "https://images.unsplash.com/photo-1505691938895-1758d7feb511?auto=format&fit=crop&w=1200&q=80",
      "https://images.unsplash.com/photo-1507089947368-19c1da9775ae?auto=format&fit=crop&w=1200&q=80"
    ],
    "description": "Casa de campo contemporánea con galería perimetral y paisajismo nativo.",
    "features": ["Galería con parrilla", "Despensa walk-in", "Plafones de madera en techos"],
    "construction": "Estructura steel frame con paneles OSB y aislación acústica.",
    "highlight": "Galería corrida que conecta la cocina con el estar y el fogón." 
  }
]
